image_width: 1280
image_height: 960
camera_name: narrow_stereo
camera_model: fisheye
camera_matrix:
  rows: 3
  cols: 3
  data: [410.313622, 0.7129209999999999, 638.786236, 0, 407.114404, 482.411525, 0, 0, 1]
distortion_model: plumb_bob
distortion_coefficients:
  rows: 1
  cols: 4
  data: [-0.0075210, 0.000638, -0.509562, 0.653740, 0.0000]
rectification_matrix:
  rows: 3
  cols: 3
  data: [1, 0, 0, 0, 1, 0, 0, 0, 1]
projection_matrix:
  rows: 3
  cols: 4
  data: [410.211907, 0.7129209999999999, 638.786236, 0, 0, 407.780003, 482.411525, 0, 0, 0, 1, 0]